epoch,device,acc_local,acc_global
0,initial,0.000000,0.109400
0,device000,0.105000,0.091000
0,device001,0.104000,0.095000
0,device002,0.106000,0.100200
0,device003,0.089000,0.101700
0,device004,0.089000,0.104700
0,device005,0.108000,0.107700
0,device006,0.124000,0.105400
0,device007,0.117000,0.103400
0,device008,0.097000,0.110500
0,device009,0.101000,0.110500
0,aggregator01,0.000000,0.104100
0,device000,0.109000,0.112600
0,device001,0.115000,0.118800
0,device002,0.123000,0.116200
0,device003,0.151000,0.119700
0,device004,0.118000,0.123100
0,device005,0.133000,0.119700
0,device006,0.118000,0.122800
0,device007,0.125000,0.127300
0,device008,0.122000,0.127200
0,device009,0.142000,0.132000
0,aggregator02,0.000000,0.123600
0,aggregator0102,0.000000,0.108900
0,device000,0.165000,0.137000
0,device001,0.127000,0.134300
0,device002,0.136000,0.138600
0,device003,0.150000,0.140100
0,device004,0.135000,0.143300
0,device005,0.143000,0.146100
0,device006,0.154000,0.138400
0,device007,0.151000,0.149300
0,device008,0.148000,0.145800
0,device009,0.150000,0.154900
0,aggregator03,0.000000,0.142600
0,device000,0.144000,0.155000
0,device001,0.172000,0.153300
0,device002,0.166000,0.159900
0,device003,0.173000,0.155200
0,device004,0.155000,0.157000
0,device005,0.163000,0.166300
0,device006,0.178000,0.165000
0,device007,0.195000,0.165700
0,device008,0.174000,0.167700
0,device009,0.167000,0.166200
0,aggregator04,0.000000,0.160700
0,aggregator0304,0.000000,0.152300
0,device000,0.197000,0.179900
0,device001,0.181000,0.179800
0,device002,0.179000,0.181600
0,device003,0.178000,0.177700
0,device004,0.208000,0.179100
0,device005,0.196000,0.181900
0,device006,0.172000,0.189300
0,device007,0.205000,0.192300
0,device008,0.190000,0.194100
0,device009,0.206000,0.195000
0,aggregator05,0.000000,0.183500
0,device000,0.205000,0.196500
0,device001,0.216000,0.195900
0,device002,0.194000,0.197600
0,device003,0.203000,0.196300
0,device004,0.190000,0.200400
0,device005,0.230000,0.201100
0,device006,0.220000,0.207100
0,device007,0.222000,0.204000
0,device008,0.234000,0.207700
0,device009,0.209000,0.203400
