epoch,device,acc_local,acc_global
0,initial,0.000000,0.100000
0,device000,0.107000,0.102900
0,device001,0.123000,0.102700
0,device002,0.097000,0.099500
0,device003,0.112000,0.106700
0,device004,0.132000,0.108400
0,device005,0.097000,0.113500
0,device006,0.120000,0.112400
0,device007,0.108000,0.110900
0,aggregator01,0.000000,0.108100
0,device000,0.112000,0.112600
0,device001,0.127000,0.120100
0,device002,0.114000,0.120500
0,device003,0.121000,0.124700
0,device004,0.133000,0.120000
0,device005,0.131000,0.125500
0,device006,0.140000,0.128900
0,aggregator02,0.000000,0.123000
0,aggregator0102,0.000000,0.114400
0,device000,0.113000,0.129500
0,device001,0.133000,0.134500
0,device002,0.138000,0.136000
0,device003,0.139000,0.136700
0,device004,0.157000,0.141000
0,device005,0.127000,0.141800
0,device006,0.151000,0.142900
0,device007,0.147000,0.142400
0,aggregator03,0.000000,0.138900
0,device000,0.155000,0.147700
0,device001,0.136000,0.146200
0,device002,0.153000,0.151700
0,device003,0.160000,0.153200
0,device004,0.182000,0.153800
0,device005,0.157000,0.157800
0,device006,0.174000,0.156600
0,aggregator04,0.000000,0.154200
0,aggregator0304,0.000000,0.149200
0,aggregator01020304,0.000000,0.127000
0,device000,0.179000,0.157700
0,device001,0.151000,0.162900
0,device002,0.184000,0.165600
0,device003,0.175000,0.169000
0,device004,0.154000,0.170700
0,device005,0.173000,0.175800
0,device006,0.160000,0.179700
0,device007,0.167000,0.177800
0,aggregator05,0.000000,0.170500
0,device000,0.201000,0.181400
0,device001,0.164000,0.184400
0,device002,0.162000,0.187200
0,device003,0.188000,0.187100
0,device004,0.183000,0.190200
0,device005,0.196000,0.197800
0,device006,0.206000,0.194200
0,aggregator06,0.000000,0.188100
0,aggregator0506,0.000000,0.178100
0,device000,0.219000,0.195900
0,device001,0.212000,0.202800
0,device002,0.204000,0.200800
0,device003,0.202000,0.200300
0,device004,0.190000,0.203200
0,device005,0.213000,0.209700
0,device006,0.202000,0.211300
0,device007,0.219000,0.205600
0,aggregator07,0.000000,0.205500
0,device000,0.216000,0.218600
0,device001,0.234000,0.214800
0,device002,0.222000,0.218100
0,device003,0.198000,0.213700
0,device004,0.196000,0.222900
0,device005,0.222000,0.225100
0,device006,0.235000,0.220700
